4.116600000000000000e+04 1.640000000000000000e+02 1.100000000000000000e+01 6.000000000000000000e+00 9.600000000000000000e+01 2.500000000000000000e+01 1.500000000000000000e+01 2.100000000000000000e+01 0.000000000000000000e+00 0.000000000000000000e+00 0.000000000000000000e+00
1.600000000000000000e+02 3.661000000000000000e+04 5.000000000000000000e+00 6.000000000000000000e+01 3.000000000000000000e+00 0.000000000000000000e+00 2.000000000000000000e+00 3.000000000000000000e+00 1.000000000000000000e+00 3.900000000000000000e+01 0.000000000000000000e+00
9.000000000000000000e+00 4.000000000000000000e+00 2.592000000000000000e+04 3.000000000000000000e+00 2.000000000000000000e+00 0.000000000000000000e+00 0.000000000000000000e+00 1.500000000000000000e+01 9.000000000000000000e+00 2.000000000000000000e+00 0.000000000000000000e+00
2.000000000000000000e+01 5.900000000000000000e+01 6.000000000000000000e+00 1.605800000000000000e+04 2.000000000000000000e+00 0.000000000000000000e+00 0.000000000000000000e+00 1.000000000000000000e+00 0.000000000000000000e+00 0.000000000000000000e+00 3.000000000000000000e+00
1.380000000000000000e+02 5.000000000000000000e+00 1.000000000000000000e+00 2.000000000000000000e+00 1.863200000000000000e+04 4.200000000000000000e+01 1.800000000000000000e+01 4.000000000000000000e+00 0.000000000000000000e+00 0.000000000000000000e+00 0.000000000000000000e+00
3.600000000000000000e+01 7.000000000000000000e+00 1.000000000000000000e+00 0.000000000000000000e+00 7.100000000000000000e+01 5.146000000000000000e+03 3.300000000000000000e+01 3.000000000000000000e+00 0.000000000000000000e+00 0.000000000000000000e+00 0.000000000000000000e+00
3.300000000000000000e+01 2.000000000000000000e+00 0.000000000000000000e+00 0.000000000000000000e+00 1.800000000000000000e+01 3.400000000000000000e+01 4.249000000000000000e+03 0.000000000000000000e+00 0.000000000000000000e+00 0.000000000000000000e+00 0.000000000000000000e+00
3.400000000000000000e+01 1.000000000000000000e+00 1.500000000000000000e+01 0.000000000000000000e+00 1.000000000000000000e+00 0.000000000000000000e+00 0.000000000000000000e+00 2.854000000000000000e+04 3.100000000000000000e+01 8.700000000000000000e+01 6.000000000000000000e+00
2.000000000000000000e+00 2.000000000000000000e+00 7.000000000000000000e+00 0.000000000000000000e+00 0.000000000000000000e+00 0.000000000000000000e+00 0.000000000000000000e+00 5.100000000000000000e+01 3.464000000000000000e+03 0.000000000000000000e+00 2.000000000000000000e+00
0.000000000000000000e+00 2.500000000000000000e+01 4.000000000000000000e+00 0.000000000000000000e+00 0.000000000000000000e+00 0.000000000000000000e+00 0.000000000000000000e+00 9.400000000000000000e+01 5.000000000000000000e+00 1.586400000000000000e+04 3.500000000000000000e+01
0.000000000000000000e+00 1.000000000000000000e+00 2.000000000000000000e+00 3.000000000000000000e+00 0.000000000000000000e+00 0.000000000000000000e+00 0.000000000000000000e+00 7.000000000000000000e+00 1.000000000000000000e+00 5.600000000000000000e+01 3.493000000000000000e+03
